159819059
159819318
263261936
159532676
159819386
183783363
257253158
257253125
263262199
257248287
183783726
102356750
257253426
257253796
183783741
257254196
263261644
159819259
257251621
159820868
257255314
257255298
257242209
183786495
159603145
159819106
159821765
102356719
159803640
257257915
263266862
183785960
183789824
183789832
257258563
257259145
183789092
183790647
257259613
183790809
257260085
257260086
270771507
257259980
263268012
263268085
159824576
263268161
263267699
257259106
159825018
159825020
263268703
257261821
183792267
102371178
102371185
102371136
257260718
159825286
183792595
183792600
263269111
183792693
263269218
263269393
183792960
257258644
159825730
102371854
257261741
263270140
257261898
183793961
257262044
263270239
257260164
159824569
159825960
263264872
102372121
263270836
159819735
257253623
263262504
102373786
263137531
257262407
159826828
159826834
102375525
183795008
159826913
183795029
263271355
257262899
257262901
183794503
183794504
159826931
159826933
263271385
263271386
183795048
263271398
183795159
159826004
263270847
159827072
159827074
257263113
183795329
102376236
183795573
159827270
257263414
257263428
257263433
257263499
183794288
257263512
102377387
257263365
159827450
263272115
257263592
263272111
257263599
263272113
183795153
263272033
159827074
263272177
159827708
183796102
183796121
263272486
257263968
183796159
257263676
257262907
183795010
159826904
102378374
183794971
257264206
183796981
257264628
159828328
411661910
201727518
183797061
263272669
263273760
263273703
213452966
275822235
265665372
159828818
102377661
109515513 
411619425
102381000
102381294
102381296
257263765
257263980
159828232
263272594
159829626
183798695
263275015
263275014
257266102
183798662
183798661
102375294
102379545
102379560
102379570
183798937
159829879
257266451
263275369
183799000
159829473
159828910
159829475
257266857
183799000
183799673
263276323
102371850
159830255
257266845
183799352
102383237
263276471
183799824
411667321
159830445
159830574
159829031
263276413
257267409
159828655
102383691
159594034
183799931
159827029
102374908
257268072
263277464
102384522
263277622
257268572
257268577
183800840
263277973
183798056
102386110
183548251
263278542
183801227
183801214
257269045
183801217
183801219
183801220
183801228
183801229
159830445
102387214
102387478
183801580
257269485
183801656
159832480
102388667
102388668
102388670
102388674
257268516
263278125
257265385
159836367
257270372
159834023
183802660
159832057
159838270
183804420
263284963
263284966
183805112
159833156
263284926
102371989
159839882
257265126
114127136
257270993
159834560
257271013
183805030
263284887
159837323
159841324
183787901
159841389
159841784
183806446
114130271
102378483
183807704
159835376
159839135
263289433
159845305
263289503
257276817
114129711
263286625
114132885
114132909
159841784
159499189
183805016
159847495
257277532
257277530
257277525

213473529
213473539
218392145
275843235
201748235
201748246
183809552
218392167
425026054
265685897
159848092
128512928
201748267
109534821
411694531
425026072
246020514
246020516
411694549
265685931
425026086
213473629
246020531
263291896
128513155
257277975
159848406
275843631
109535064
159848436
159848546
114135805
114135935
114135969
135046931
109535619
128513834
275844030
265686647
194847963
267649768
194848027
267649938
263292634
263292819
159847300
213475105
257278635
194848531
114137403
128514915
263291206
159850483
194849092
275846110
257279714
265689065
159852269
128517091
425032708
159852727
257280237
183813715
267653470
411700979
159854024
257280793
263292712
183814931
159854448
183814935
411701492
128519135
213480721
109542831
13275745
159854796
411701861
267654697
257281195
411701948
411702537
183816010
194851916
159856039
159856817
267656494
183816622
218399894
159861205
267660209
109551801
87210775
213489844
218403844
201757274
183823144
159863045
183823699
128528314
411712336
183824336
159864203
159864210
257285466
263296327

275857392
257285887
114145462
49431355
270865813
433026499
159865708
265700904
90072992
213494023
425054277
109557841
109557847
265701422
128531467
114158457
159867396
263296942
183827945
411715351
411715382
425055933
159867889
159867957
159866725
114156016
114156036
218407971
183829134
257287790
159871997
159872630
183833955
213499872
159873307
183833142
109566229
425063936
218415425
263299659
411725037
201765756
257291019
263300392
159876718
109567957
105090743
79980404
183839416
257291541
411727556
411727667
263301692
257292500
257292513
183841774
159878808
263302444
257293386
159879716
201770784
159879913
159879914
257293543
263303513
109571720
257293885
257294160
267679982
411732441
411732478
257294471
217463416
213508420
425069939
201772141
159881514
109573147
265719177
194863258
425070232
128548588
109573241
218424799
265719441
109573375
213509147
257295158
437411821
128549570
275870948
246047472
275870998
52258937
257295841
159882797
267623525
425070232
128548588
265719177
109573375
141043075
105685467
411590227
105685848
411590227
201765756
128549570
109567957

267683181
109575113
265722177
114187921
246049130
128551291
213511522
257297052
265723269
257297249
218428773
425073126
141046075
267684649
213512243
265723622
213512247
128552107
135058186
201776132
213512593
218429519
109576611
411737722
183853604
265724850
183853651
263308954
213513308
425074128
183854262
114177077
153009232
263309420
257298638
411739068
411739073
183855169
135058843
263310195
257299116
183855811
159886874
257299420
153012436
263310756
263310778
183857342
153014187
213515899
159888279
159888282
183858465
263312195
183859256
183859480
218434403
263312653
105698251
183859930
183860246
159889649
183860558
213518311
213518345
265731324
246056235
246056275
267692916
267693131
275877853
267693405
183862460
183862952
183863653
437518027
425079665
52259378
194875816
183866233
159893062
194876583
218440007
153027564
194876873
437532821
437532929
153028920
135061808
183868040
201788751
153030486
183868956
159894579
159894672
109585307
411750133
153033159
263320762
275885251
275885731
64961353
153035444
153036084
159896274
263321698
218443570
257308721
141062133
105712904
32407076
159896337
257308839
263322079
153037539
153038146
153038190
267704112
246065903
263322499
257309808
411753992
263322961
159897909
153040359
411754726
141064419
265744647
411755932
159898847
263323521
263323526
109589146
128568768
49482279
86372987
246067683
263324191
153045852
265746363
153047107
153047701
153047703
159901980
135065269
65018931
263325411
411761675
109593255
153053931
267712242
153054385
263326522
275893578
275893582
153054637
201798730
153055357
153056120
411766324
183879786
263327215
105730147
105730212
65061021
105730324
265752173
183880120
411767031
141075152
159906872
141075177
105732046
153060719
153060735
183881275
128578104
246074868
153061546
141076094
153061843
141076128
159908029
194891397
159908315
257319858
159909010
213540879
201802238
102402119
56305060
105737703
263329984
141079572
63540591
102405133
218458460
102405912
109600739
275902102
65141997
141083018
141083427
159915316
102411117
159915362
275904153
425102779
183889775
159916022
263333467
109604161
102412332
102413097
102414241
263333881
141085986
263334091
102416836
265764422
257324592
159918098
425105334
105751438
65005202
102418747
411783780
159919272
141088804
105754659
105755190
141089492
183895716
411787351
411787622
263337755
411787803
102426150
159921942
141091699
141091758
102427207
263338375
102427863
411788793
411788919
183897805
141093376
275913417
159924337
425113186
153065274
213558407
275915611
213558667
201817561
141096697
183902071
263342551
128600733
141099156
411796559
141100012
213561741
102444731
128603349
102446508
102447147
128604600
263346459
128605960
218480092
411801809
183908133
135077754
102451794
257334836
267741894
159930910
153067280
109621596
141105743
153069353
246102765
265781752
59815486
109622938
153071115
213566196
159932463
109624025
159932888
135079404
263350345
183912484
87214539
183912650
183912660
257338133
153075139
153075170
141109240
183912864
153076442
201828022
265786141
183914219
265787082
263352439
246107666
105791258
153080231
265788323
141112997
257340886
257341070
159935948
109628956
65418653
105793496
141113900
267751380
263353600
213571696
246109993
105797282
411816263
218490110
141116203
265792122
201834113
153090382
194925262
153095042
213577058
411820753
128621578
153096949
153101024
153102577
153103860
275939615
218497938
135085821
153107523
153107626
183928385
183928418
201843021
218501211
275943786
213584992
153110949
201843408
153111130
263361658
141130222
159947918
275945634
109641323
218503416
183931175
425142216
263362773
153116142
213587740
263363205
194934984
135088094
218504897
135088255
425143376
128632213
411834751
153120217
263364032
109643263
218506663
275949210
183935336
183935498
183935707
159951767
153126655
128635237
213592422
194939214
65622112
183938598
141139338
135090278
183940168
153133266
183941410
135091229
218513511
194941994
159956395
263370749
263370825
153142842
135092183
275959671
159959950
265815387
201857286
201857851
425157738
198028615
153159897
65753393
263376214
265819875
128651878
128652225
153166904
183954684
128652318
275969053
135096091
198036085
267785756
201860967
128653643
153172396
257367772
65815486
65823852
159970382
153181257
257369374
201863774
411868916
65841585
65849137
198048997
275978334
246146143
159972340
246146807
109666474
275980147
65872215
371502555
128665170
194954684
141172336
267797588
246149268
275982519
275982556
159974083
263383403
194954914
257373788
186010438
257374328
257374329
411877837
263384384
186012778
153184247
186013961
198058882
186014226
267801533
275987087
411883481
201875921
263387669
186023360
153184668
218539223
198068510
267805891
425181040
201879902
183972248
135104687
135104835
159981008
183973581
128678608
87217492
109676703
66011172
198075445
265840126
66014828
425184040
201884577
186047370
267819383
425193308
66125053
198094547
257393540
411907975
246165612
276004347
276004902
109689221
267823297
135111634
183986872
257395983
411913387
159991871
276009251
213638420
213638797
411919234
411920192
213640703
159999284
246175432
246178118
201904444
246178965
411929526
186063559
141212158
186080309
141215798
141217104
141219107
186086877
186086980
186087012
198124883
186087092
186087103
186087106
186087127
186087147
186087196
66287309
186087264
186087275
186087350
186087607
186087850
186088329
186090343
186090635
66295827
66296189
186091998
186094073
198131824
198131830
141224746
186099107
141225317
218571851
186102130
186103183
411933555
257404990
194993042
160010276
186110327
425213438
135121369
141235330
246187471
265878759
66401336
198152313
186121039
257408200
218578584
141238789
194998081
265880198
425217859
265880212
218579358
135124161
186127651
66434916
205000261
205001643
194999796
194999891
109715152
66457904
205008014
128725744
246192804
211005432
66479451
211005605
211005699
411950862
198170207
276037369
201923064
218587898
257413387
211008180
128730047
257413751
257413760
66517273
427007564
218589484
66532007
66541548
425228110
213665915
66544452
211010790
427008863
427009108
411955485
213666361
213666377
411955649
263425508
265890034
257415110
109722140
198179816
201925559
211012270
66560875
205023245
205023246
66562864
196540382
201926018
246196750
66570866
66570979
198181458
427010828
66572675
218592572
411957184
205025711
201926273
425230496
66576152
205026307
213667731
66578960
205027049
135129525
205028527
66586701
160028143
267858329
265892166
135129797
218594258
213668583
427012704
425231968
66591978
211015610
211015628
265892458
66594200
198185414
160029101
257416954
263427693
257416955
66600293
198186396
246198224
425232749
66602088
66606624
211017062
205033061
128738327
128738370
211017349
267860351
66615176
198188246
109725482
205035278
425234173
66622343
211018525
205036288
411961258
66625870
198189636
128739694
211018883
109725948
213670304
66627547
198190108
411962040
160031588
211019854
128741449
267865183
265896336
267866386
201930021
411966371
263431147
218601379
427019209
128744658
265898928
411968718
109730636
267869068
160037545
265900604
109732489
265902060
218606166
257425340
427023146
411975042
201936883
218607946
201937090
246209651
276056049
184022037
276056144
160041338
160041377
265905756
160042106
218609431
276057588
425248333
257427642
184023535
267874617
201939005
246212261
184024243
263436898
425249951
184025187
218611988
411981390
109739608
276060837
218612508
425251425
425251596
425251638
411982550
265911521
160045661
201942498
184027019
425252628
265911982
411983284
276062707
213688763
263438977
128506136

128757955
201943403
201944153
263440252
265915492
128760638
257433043
257433642
263441833
411988324
66777222
198221041
66779284
211040905
211040921
205082167
66780026
211041002
66780092
205082332
205082409
205082497
198222507
205085680
198223689
205086046
205086215
211042691
211042982
135140238
66796260
211043458
211044020
205090989
205091537
198227711
211044973
205092952
198228475
205093619
205097804
66813646
66815656
135141663
211047302
198232506
66837189
198235049
205103742
198235240
135142849
135142852
205104197
211049949
205104248
263442003
463504826
415842195
415842260
415842296
415842294
415842393
205104992
265916600
66846951
66847381
257434794
184029966
211051578
160049525
213693228
211051694
223001438
160049577
263443351
276068002
198239700
427028408
184030317
229001465
411992000
427028800
229003582
229003623
229003891
184030659
267886691
263445097
411992388
128764559
257437080
218621525
425261037
198242982
257437400
211054634
211054701
427029543
223005511
223006052
109747942
66884252
257438891
263447106
211057044
198248063
411995997
213697890
229009172
66901007
218625019
411996845
66902221
198250430
223010002
267890566
263449354
411997487
213699017
66914093
223012767
66915087
246223565
276075348
213699771
66920862
276075476
66921161
411999170
411999185
276075580
66922719
66922790
66923136
195011158
246224431
66927510
160054378
66928220
267892745
211061733
223015127
412000184
184033133
160054439
263451416
184033134
257443716
128770588
412000263
109751380
66931069
198255527
211062451
198256078
267893299
184033492
412001231
184033597
213701536
198256817
198256959
66937749
425268304
211063126
412001445
257444855
135148184
229010842
198258073
211063741
229011251
427035513
412002095
267894073
66944270
229012334
66934583
198258797
218629618
128772075
229012464
412002404
263453421
213702842
229013709
160055641
198259788
263453944
257446192
263454002
257446235
263454158
198260680
198260847
66955587
223019412
412004093
184034865
223020692
427037378
184035075
66966580
128774152
211067690
211067790
66971898
229017566
229017758
184036199
218632844
135150232
160057782
211069287
211069292
211069661
265931262
267898014
412008344
257449191
223026081
213707505
66989163
223026198
257449312
198269445
201960824
66990903
109756891
160060016
201961665
66998664
128779215
229022186
211072927
427041776
128779802
109757850
160060823
265933439
67012337
218636781
276087412
184039928
128780622
229023911
213710271
427042877
276088365
160062323
67024590
211074899
67025492